# YOLOv5 Hyperparameter Evolution Results
# Best generation: 50
# Last generation: 148
#    metrics/precision,       metrics/recall,      metrics/mAP_0.5, metrics/mAP_0.5:0.95,         val/box_loss,         val/obj_loss,         val/cls_loss
#               0.6016,              0.53334,              0.51541,              0.18526,             0.038621,             0.018501,                    0

lr0: 0.01018
lrf: 0.01
momentum: 0.91055
weight_decay: 0.00047
warmup_epochs: 2.371
warmup_momentum: 0.95
warmup_bias_lr: 0.09791
box: 0.03418
cls: 0.41403
cls_pw: 1.1871
obj: 1.1892
obj_pw: 0.94252
iou_t: 0.2
anchor_t: 4.0464
fl_gamma: 0.0
hsv_h: 0.01357
hsv_s: 0.76975
hsv_v: 0.44424
degrees: 0.0
translate: 0.08478
scale: 0.49294
shear: 0.0
perspective: 0.0
flipud: 0.0
fliplr: 0.5
mosaic: 0.94748
mixup: 0.0
copy_paste: 0.0
anchors: 2.0406
